[-0.9638686180114746]
[-1.99636709690094]
[-0.4519723951816559]
[-7.242818832397461]
[-2.5953786373138428]
[-1.5146584510803223]
[-1.9166456460952759]
[-3.0625343322753906]
[-3.290020227432251]
[-3.549706220626831]
[-4.037431240081787]
[-4.587858200073242]
[-4.810816287994385]
[-5.0408854484558105]
[-5.20310115814209]
[-5.291265487670898]
[-5.369185924530029]
[-5.574395656585693]
[-5.739468097686768]
[-5.883594512939453]
[-4.776318073272705]
[-5.13333797454834]
[-5.337508201599121]
[-5.384138107299805]
[-5.512462139129639]
[-5.692198753356934]
[-5.563138008117676]
[-5.663857936859131]
[-5.678027629852295]
[-5.847785949707031]
[-5.9078216552734375]
[-5.99658203125]
[-5.879890441894531]
[-5.912820339202881]
[-5.91297721862793]
[-6.109866142272949]
[-6.148841381072998]
[-6.21519660949707]
[-6.238119602203369]
[-6.330132007598877]
[-6.273714542388916]
[-6.413856506347656]
[-6.421819686889648]
[-6.361237049102783]
[-6.426445007324219]
[-6.502514839172363]
[-6.591658592224121]
[-6.607307434082031]
[-6.684937953948975]
[-6.6155853271484375]
[-6.645617485046387]
[-6.6762542724609375]
[-6.489259243011475]
[-6.496859550476074]
[-6.92010498046875]
[-6.801679611206055]
[-6.7147064208984375]
[-6.69838285446167]
[-6.8444600105285645]
[-6.875914096832275]
[-6.743319511413574]
[-6.951223373413086]
[-6.880910873413086]
[-6.845118045806885]
[-6.847323417663574]
[-6.982036113739014]
[-6.917469501495361]
[-6.92561149597168]
[-7.182686805725098]
[-7.06821870803833]
[-7.043553352355957]
[-7.337501525878906]
[-7.232474327087402]
[-7.195967674255371]
[-7.459667682647705]
[-7.317075729370117]
[-7.232250213623047]
[-7.460087776184082]
[-7.371606349945068]
[-7.279595375061035]
[-7.186756610870361]
[-7.544830799102783]
[-7.134291172027588]
[-7.509723663330078]
[-7.4250569343566895]
[-7.634337425231934]
[-7.675167083740234]
[-7.627876281738281]
[-7.519927978515625]
[-7.575618267059326]
[-7.435101509094238]
[-7.452316761016846]
[-7.801449775695801]
[-7.709559440612793]
[-7.601637840270996]
[-7.793506622314453]
[-7.719712734222412]
[-7.714808464050293]
[-7.86472225189209]
[-7.897014617919922]
[-8.095216751098633]
[-7.783151626586914]
[-7.750591278076172]
[-7.995473861694336]
[-7.9147796630859375]
[-7.780908584594727]
[-7.990565299987793]
[-8.098592758178711]
[-7.778992652893066]
[-7.915672302246094]
[-7.924489498138428]
[-7.951241970062256]
[-8.195195198059082]
[-8.167144775390625]
[-8.149090766906738]
[-8.228331565856934]
[-7.947836399078369]
[-7.894033908843994]
[-8.413034439086914]
[-8.165481567382812]
[-8.17413330078125]
[-8.363933563232422]
[-8.29615592956543]
[-8.352774620056152]
[-7.8449320793151855]
[-8.230522155761719]
[-8.028777122497559]
[-8.211077690124512]
[-8.27359390258789]
[-8.462231636047363]
[-8.040985107421875]
[-8.16258430480957]
[-8.054906845092773]
[-8.332297325134277]
[-8.232649803161621]
[-8.186223030090332]
[-8.062191009521484]
[-8.430362701416016]
[-8.041172981262207]
[-8.294965744018555]
[-8.160277366638184]
[-8.288866996765137]
[-8.479230880737305]
[-8.4478759765625]
[-8.359940528869629]
[-250.83444213867188]
[-78.64656829833984]
[-79.09080505371094]
[-254.87506103515625]
[-105.98761749267578]
[-1094.697998046875]
[-2157.2607421875]
[-4440.42333984375]
[-1093.3896484375]
[-2803.75830078125]
[-2552.17919921875]
[-3029.489013671875]
[-2599.324951171875]
[814.646240234375]
[4207.74169921875]
[2394.6142578125]
[8499.369140625]
[5430.642578125]
[3211.06103515625]
[3245.74072265625]
