[5.811481475830078]
[9.221365928649902]
[7.324821472167969]
[5.107935428619385]
[2.0276355743408203]
[2.9344372749328613]
[1.27470862865448]
[0.7317661643028259]
[0.9737272262573242]
[0.9615288972854614]
[1.7454180717468262]
[0.5672069787979126]
[1.0259013175964355]
[1.030452847480774]
[1.8131918907165527]
[0.6316488981246948]
[1.1422913074493408]
[0.8035662174224854]
[0.8324748277664185]
[0.8235353231430054]
[0.799792468547821]
[0.9209479093551636]
[0.6122942566871643]
[0.7459121346473694]
[0.5508458614349365]
[0.45573925971984863]
[0.926493763923645]
[0.5866038203239441]
[0.619223952293396]
[0.7859582901000977]
[0.6948474645614624]
[0.4978898763656616]
[0.5307052731513977]
[0.4559131860733032]
[0.6131314635276794]
[0.7227961421012878]
[0.593612551689148]
[0.554235577583313]
[0.5961014032363892]
[0.5246413350105286]
[0.7025294303894043]
[0.5362665057182312]
[0.44739946722984314]
[0.37385427951812744]
[0.5747790932655334]
[0.2635798454284668]
[0.5167458057403564]
[0.40915191173553467]
[0.3356720209121704]
[0.3906594216823578]
[0.4026230275630951]
[0.37855422496795654]
[0.39666250348091125]
[0.3339368999004364]
[0.2597503662109375]
[0.3586663007736206]
[0.2449217289686203]
[0.35313403606414795]
[0.28262048959732056]
[0.3314107358455658]
[0.2608848512172699]
[0.35133859515190125]
[0.3058818578720093]
[0.3590773344039917]
[0.18576815724372864]
[0.25285157561302185]
[0.28664296865463257]
[0.2336163967847824]
[0.30580076575279236]
[0.18518072366714478]
[0.18256442248821259]
[0.20009632408618927]
[0.2952558994293213]
[0.23117893934249878]
[0.24956578016281128]
[0.20538508892059326]
[0.23125027120113373]
[0.16128501296043396]
[0.21034634113311768]
[0.2742118537425995]
[0.20732614398002625]
[0.17548087239265442]
[0.17838622629642487]
[0.20185336470603943]
[0.2274809181690216]
[0.2355956733226776]
[0.19440174102783203]
[0.14723309874534607]
[0.193778857588768]
[0.20206284523010254]
[0.22144891321659088]
[0.20169664919376373]
[0.1719667911529541]
[0.161257803440094]
[0.20745611190795898]
[0.18741530179977417]
[0.20345254242420197]
[0.17099113762378693]
[0.2597872316837311]
[0.17265364527702332]
[0.1772947758436203]
[0.1666143834590912]
[0.20013968646526337]
[0.1741500347852707]
[0.19812217354774475]
[0.1433396339416504]
[0.1561024785041809]
[0.19632193446159363]
[0.17609423398971558]
[0.13775792717933655]
[0.1784484088420868]
[0.14592957496643066]
[0.14044664800167084]
[0.15469211339950562]
[0.14129486680030823]
[0.14707541465759277]
[0.15378622710704803]
[0.3695486783981323]
[0.16143760085105896]
[0.13394801318645477]
[0.18209610879421234]
[0.15254457294940948]
[0.167190283536911]
[0.16122230887413025]
[0.16853080689907074]
[0.17370468378067017]
[0.16452883183956146]
[0.18374289572238922]
[0.15721732378005981]
[0.1646842211484909]
[0.17729917168617249]
[0.15277351438999176]
[0.14640027284622192]
[0.1451081484556198]
[0.19202981889247894]
[0.17141227424144745]
[0.16783960163593292]
[0.1663721203804016]
[0.17442165315151215]
[0.17013442516326904]
[0.18062832951545715]
[0.1540384739637375]
[0.16833867132663727]
[0.15045541524887085]
[0.13790428638458252]
[13.456488609313965]
[139.81256103515625]
[323.0873107910156]
[1409.846435546875]
[4595.27587890625]
[18235.63671875]
[47827.234375]
[165565.34375]
[130389.4375]
[136716.9375]
[126509.8984375]
[120606.953125]
[61200.88671875]
[33796.6328125]
[206543.359375]
[380684.8125]
[502919.71875]
[507013.75]
[266936.125]
[426324.9375]
