[14.246395111083984]
[14.37590217590332]
[15.933719635009766]
[15.565128326416016]
[16.03954315185547]
[17.09259796142578]
[17.954153060913086]
[19.60011100769043]
[20.23235321044922]
[20.92015266418457]
[22.807300567626953]
[16.113834381103516]
[18.13904571533203]
[18.368974685668945]
[17.197290420532227]
[16.96044921875]
[17.85373878479004]
[18.0435733795166]
[16.275047302246094]
[13.324925422668457]
[12.684027671813965]
[14.16125202178955]
[13.787041664123535]
[11.551993370056152]
[12.6846284866333]
[13.800222396850586]
[14.008922576904297]
[12.92663288116455]
[13.236000061035156]
[15.127754211425781]
