[145.5388946533203]
[148.01535034179688]
[139.61599731445312]
[141.72378540039062]
[133.91928100585938]
[141.60182189941406]
[133.26409912109375]
[140.45144653320312]
[132.84231567382812]
[130.553466796875]
[130.70201110839844]
[136.42701721191406]
[133.6398162841797]
[141.574951171875]
[141.2191925048828]
[146.42282104492188]
[139.76242065429688]
[144.2239990234375]
[175.42173767089844]
[153.30270385742188]
[152.21226501464844]
[152.63397216796875]
[153.3490753173828]
[158.66287231445312]
[148.61558532714844]
[157.49127197265625]
[164.19815063476562]
[154.88006591796875]
[157.84828186035156]
[151.72752380371094]
