[-158.35801696777344]
[-194.765869140625]
[-234.089111328125]
[-236.19931030273438]
[-248.73779296875]
[-277.4957580566406]
[-278.26690673828125]
[-282.33447265625]
[-351.51123046875]
[-391.07049560546875]
[-362.20623779296875]
[-400.37738037109375]
[-373.928955078125]
[-502.8564453125]
[-401.83673095703125]
[-364.6141357421875]
[-391.32037353515625]
[-431.5096740722656]
[-522.425048828125]
[-622.7132568359375]
[-337.7526550292969]
[-318.5577087402344]
[-661.3203125]
[-252.31494140625]
[-309.6018981933594]
[-657.74365234375]
[-372.9306945800781]
[-358.7818908691406]
[-726.4111938476562]
[-441.47613525390625]
[-440.90106201171875]
[-828.298583984375]
[-487.3368835449219]
[-487.6860046386719]
[-749.025634765625]
[-711.6116943359375]
[-735.6676635742188]
[-828.486328125]
[-594.205078125]
[-1068.980224609375]
[-23.943111419677734]
[-1330.384521484375]
[-225.6854248046875]
[-1451.1536865234375]
[-280.53167724609375]
[-1454.8759765625]
[-261.9785461425781]
[-927.6490478515625]
[-235.782470703125]
[-1123.218994140625]
[-1150.968505859375]
[-342.08624267578125]
[-415.01458740234375]
[-1688.3563232421875]
[-1067.689453125]
[-1746.1689453125]
[-1853.2059326171875]
[-1861.0753173828125]
[-1892.874267578125]
[-2043.2430419921875]
[-2137.150390625]
[-2429.28125]
[-2554.42919921875]
[-2669.056396484375]
[-2584.14404296875]
[-2732.45361328125]
[-2770.353759765625]
[-3070.180419921875]
[-2114.66943359375]
[-3949.323486328125]
[-3413.921630859375]
[-172.11212158203125]
[-2426.214111328125]
[-1323.516357421875]
[-1059.6534423828125]
[-1524.90625]
[-1899.994384765625]
[-1914.6173095703125]
[-1568.48681640625]
[-1644.97216796875]
[-1664.8111572265625]
[-1773.1778564453125]
[-1801.2957763671875]
[-1885.247802734375]
[-1937.1865234375]
[-1981.0205078125]
[-2027.522705078125]
[1058.861328125]
[-427.5002136230469]
[-1771.204345703125]
[-6431.1748046875]
[-1561.69970703125]
[-994.7559814453125]
[-4207.87060546875]
[1822.618896484375]
[-2561.10498046875]
[-2840.53759765625]
[436.2738952636719]
[-2610.640869140625]
[-3248.3193359375]
[-386.5041198730469]
[46.32406997680664]
[-3082.03759765625]
[66.67933654785156]
[-3125.01123046875]
[37.28567123413086]
[-3173.205078125]
[197.1075897216797]
[-3185.404296875]
[21.94327163696289]
[-3374.060546875]
[-118.49859619140625]
[-3724.5478515625]
[-419.47625732421875]
[-4353.97998046875]
[-474.57763671875]
[-4135.79150390625]
[-550.5726928710938]
[-4524.84375]
[-939.75244140625]
[-5097.4013671875]
[-1034.00634765625]
[-5203.18896484375]
[-1166.73974609375]
[-4986.85302734375]
[-1331.642578125]
[-5370.0595703125]
[-1577.0789794921875]
[-6029.34423828125]
[-1837.3133544921875]
[-6203.8759765625]
[-1544.8482666015625]
[-5900.78369140625]
[-2179.70703125]
[-6691.0166015625]
[-2418.827880859375]
[-7095.44384765625]
[-2302.865478515625]
[-7157.90869140625]
[-2415.19482421875]
[-7119.6005859375]
[-3230.54443359375]
[-8180.89990234375]
[-2819.22119140625]
[-8106.5615234375]
[-2615.58154296875]
[-8616.7255859375]
[-2797.54638671875]
[-8671.6328125]
[-2667.85693359375]
[-9305.71875]
[-3887.775390625]
[-9725.5224609375]
[-3968.603759765625]
[-9991.8857421875]
[-4403.86181640625]
[-10224.3017578125]
[-4756.8984375]
[-11236.9580078125]
[-5086.2724609375]
[-10579.458984375]
[-4662.77490234375]
[-11478.755859375]
[-5513.0322265625]
[-11400.30859375]
[-5661.82958984375]
[-11866.2392578125]
[-6681.56591796875]
[-13084.85546875]
[-6283.4501953125]
[-13158.1591796875]
[-6531.44921875]
[-13836.3076171875]
[-7351.947265625]
[-13564.9765625]
[-7191.142578125]
[-13806.4775390625]
[-8166.923828125]
[-14665.970703125]
[-7750.390625]
[-14712.5966796875]
[-7906.9814453125]
[-14298.189453125]
[-10087.1953125]
[-17467.880859375]
[-9257.810546875]
[-18011.4921875]
[-10221.521484375]
[-19247.328125]
[-10432.3994140625]
[-18009.2109375]
[-11122.08203125]
[-18536.9140625]
[-12770.365234375]
[-15117.25390625]
[-5209.904296875]
[-15049.83203125]
[-17828.65234375]
[-4757.7333984375]
[-15104.2109375]
[-16913.31640625]
[-5306.849609375]
[-15878.0712890625]
[-18572.3671875]
[-6514.41845703125]
[-17952.7421875]
[-18393.376953125]
[-8517.07421875]
[-17584.06640625]
[-13384.1904296875]
[-9564.96484375]
[-18123.775390625]
[-9170.4306640625]
[-6435.171875]
[-21322.083984375]
[-12190.0517578125]
[-13913.654296875]
[-18286.62890625]
[-18048.611328125]
[-19729.203125]
[-18675.388671875]
[-19266.63671875]
[-21595.88671875]
[-20560.748046875]
[-20860.453125]
[-22330.662109375]
[-23646.015625]
[-25211.810546875]
[-22373.181640625]
[-22490.9609375]
[-24240.56640625]
[-24596.75]
[-25072.70703125]
[-25285.244140625]
[-26755.232421875]
[-26167.3125]
[-24190.556640625]
[-18400.30078125]
[-36561.5546875]
[-19565.01953125]
[-21035.447265625]
[-25892.0390625]
[-14533.7822265625]
[-18019.376953125]
[-18240.732421875]
[-32434.75390625]
[-22399.6875]
[-40917.328125]
[-32150.2109375]
[-28782.880859375]
[-27098.953125]
[-27622.03515625]
[-29632.25390625]
[-29964.951171875]
[-29384.740234375]
[-30816.572265625]
[-32849.37890625]
[-30473.48046875]
[-38668.0703125]
[-19853.533203125]
[-38930.0703125]
[-25445.708984375]
[-42188.43359375]
[-45906.5859375]
[-20648.1875]
[-35053.89453125]
[-37798.078125]
[-24146.421875]
[-39966.90234375]
[-40870.74609375]
[-23988.7109375]
[-38742.234375]
[-44672.6640625]
[-29625.1875]
[-17181.02734375]
[-28001.826171875]
[-32434.564453125]
[-16981.9453125]
[-29964.69140625]
[-33745.01953125]
[-18414.03515625]
[-31119.755859375]
[-35200.703125]
[-17363.791015625]
[-34668.5234375]
[-34333.1796875]
[-18209.51171875]
[-34811.1015625]
[-35805.3671875]
[-19442.638671875]
[-33586.63671875]
[-35989.68359375]
[-19412.205078125]
[-34627.5546875]
[-36491.14453125]
[-20001.3984375]
[-36125.71875]
[-38702.90625]
[-21059.9375]
[-35521.25]
[-39204.875]
[-20632.8671875]
[-37411.3125]
[-39758.046875]
[-25099.689453125]
[-27483.044921875]
[-37929.60546875]
[-7709.669921875]
[-13342.3115234375]
[-14440.9228515625]
[-33748.671875]
[-17200.22265625]
[-15280.7734375]
[-36661.62890625]
[-18708.166015625]
[-23053.84765625]
[-6295.05029296875]
[-34918.1015625]
[-10886.4169921875]
[-11620.3779296875]
[-34295.9765625]
[-13616.3896484375]
[-11448.79296875]
[-33841.5546875]
[-14390.572265625]
[-13180.794921875]
[-34456.2421875]
[-14042.041015625]
[-12589.9228515625]
[-34074.14453125]
[-13667.2724609375]
[-11193.220703125]
[-35005.09375]
[-12990.4873046875]
[-12251.947265625]
[-34672.9140625]
[-14416.693359375]
[-11444.072265625]
[-34769.0546875]
[-14251.330078125]
[-14242.923828125]
[-37483.58984375]
[-15909.19140625]
[-15010.583984375]
[-38935.3359375]
[-19303.013671875]
[-17457.951171875]
[-42839.34765625]
[-19388.541015625]
[-20040.693359375]
[-44908.77734375]
[-22520.06640625]
[-19770.25390625]
[-45958.8125]
[-19314.59765625]
[-17821.419921875]
[-33771.44140625]
[-17993.05859375]
[-12467.1865234375]
[-11988.892578125]
[-36201.875]
[-14607.3603515625]
[-13485.830078125]
[-37280.78125]
[-27170.0390625]
[-23715.15625]
[-23399.77734375]
[2967.99853515625]
[-25105.515625]
[-5406.439453125]
[-3729.904541015625]
[-28839.578125]
[-6428.140625]
[-4036.459716796875]
[-28200.837890625]
[-6205.28125]
[3679.30029296875]
[-25186.53515625]
[-15164.8857421875]
[-20458.123046875]
[-18318.3359375]
[-20878.94140625]
[8943.28125]
[-19498.208984375]
[-20513.69140625]
[8632.828125]
[-19266.587890625]
[-23986.78125]
[6745.2353515625]
[-20876.125]
[-25639.263671875]
[6395.265625]
[-22652.27734375]
[-24655.609375]
[7166.86962890625]
[-22207.470703125]
[-25632.54296875]
[6475.36328125]
[-20915.169921875]
[-24231.85546875]
[6133.62451171875]
[-22069.52734375]
[-25720.521484375]
[6064.48046875]
[-24141.16796875]
[-25607.26953125]
[5997.11962890625]
[-22037.462890625]
[-26620.16015625]
[5844.4912109375]
[-31225.58203125]
[-13362.80859375]
[-22255.982421875]
[5598.73779296875]
[-19132.990234375]
[-20207.078125]
[-6197.5087890625]
[2487.3974609375]
[10971.2587890625]
[-12215.28125]
[19715.9453125]
[23387.392578125]
[27128.4296875]
[17683.908203125]
[55298.72265625]
[21424.55859375]
[17203.681640625]
[53691.3515625]
[21265.1875]
[16705.037109375]
[51582.3359375]
[20442.705078125]
[15181.017578125]
[53198.68359375]
[19548.12109375]
[14549.734375]
[50798.21875]
[18222.494140625]
[15483.4541015625]
[51345.0234375]
[17577.24609375]
[14479.1376953125]
[52246.71484375]
[18030.775390625]
[13808.369140625]
[53223.8125]
[18553.458984375]
[13442.9462890625]
[52148.67578125]
[17416.828125]
[13984.046875]
[48942.55078125]
[17552.181640625]
[13282.921875]
[54233.0390625]
[17589.796875]
[12756.552734375]
[55345.03515625]
[17715.724609375]
[12496.126953125]
[53378.8203125]
[16198.46875]
[13204.6708984375]
[51544.08203125]
[17090.51171875]
[12887.78125]
[52102.43359375]
[16020.1943359375]
[6437.4931640625]
[47936.0625]
[11239.84765625]
[4248.2197265625]
[47421.3671875]
[8552.1298828125]
[4612.201171875]
[46523.48828125]
[7263.1494140625]
[3408.179931640625]
[45944.8671875]
[7958.93408203125]
[2519.54736328125]
[45510.9609375]
[6969.71484375]
[2554.422119140625]
[46053.3203125]
[6614.3173828125]
[28576.072265625]
[31160.021484375]
[61852.25]
[5164.50341796875]
[26074.412109375]
[11305.4111328125]
[48672.89453125]
[83057.0546875]
[38989.8828125]
[81387.3828125]
[92351.390625]
[71556.25]
[93988.09375]
[28622.923828125]
[104259.53125]
[33867.7734375]
[102023.765625]
[97458.5625]
[102864.0859375]
[94621.78125]
[85485.484375]
[131583.421875]
[107456.703125]
[87592.8984375]
[80263.6796875]
[127487.5390625]
[145770.78125]
[99928.140625]
[75760.0390625]
[125038.6328125]
[93953.6484375]
[132827.59375]
[139054.609375]
[157042.265625]
[129385.2109375]
[135505.65625]
[153169.5625]
[154173.9375]
[115684.0546875]
[206734.09375]
[107429.171875]
[191432.59375]
[176920.515625]
[170031.203125]
[174802.625]
[118006.796875]
[167009.1875]
[170898.03125]
[125056.703125]
[163112.359375]
[175040.921875]
[121476.234375]
[202025.96875]
[134189.109375]
[232440.4375]
[130856.6171875]
[209170.484375]
[187803.5625]
[176094.03125]
[216776.484375]
[240957.34375]
[212696.71875]
[210362.140625]
[274923.09375]
[161479.21875]
[313694.90625]
[244713.765625]
[254492.671875]
[282690.25]
[261137.28125]
[300234.46875]
[316742.25]
[302913.875]
[299449.75]
[307802.5625]
[336226.59375]
[341349.09375]
[336567.125]
[368756.1875]
[367685.0]
[321893.78125]
[362415.0625]
[401008.375]
[371015.96875]
[351671.9375]
[390911.15625]
[389256.71875]
[377395.0625]
[446823.25]
[302275.625]
[478550.3125]
[349861.6875]
[454838.0625]
[358391.5]
[491368.53125]
[363238.6875]
[510559.0625]
[401448.0]
[462351.21875]
[452120.59375]
[428754.21875]
[462866.90625]
[450710.1875]
[427803.0]
[483890.84375]
[443554.875]
[441549.0]
[490200.75]
[482760.09375]
[508006.28125]
[510527.25]
[507929.71875]
[510277.625]
[512893.75]
[555863.125]
[539694.0]
[456890.625]
[516516.4375]
[540788.4375]
[535228.3125]
[489480.6875]
[501832.4375]
[545489.9375]
[592259.9375]
[555825.5625]
[563749.8125]
[622199.75]
[540288.4375]
[572792.1875]
[612707.4375]
[552091.8125]
[550987.75]
[631822.0625]
[566472.1875]
[541103.9375]
[655157.875]
[571069.125]
[572563.8125]
[654042.9375]
[570861.5625]
[562295.75]
[630066.875]
[571257.125]
[521934.03125]
[634353.1875]
[568093.125]
[558362.5625]
[650037.0]
[578579.9375]
[562430.375]
[636227.9375]
[577688.25]
[555578.625]
[649508.375]
[538001.5625]
[555618.0]
[649793.25]
[560914.125]
[564617.5]
[660380.8125]
[581911.6875]
[582040.125]
[635394.0625]
[580759.6875]
[573457.8125]
[649532.6875]
[541746.125]
[568699.25]
[640740.1875]
[558129.25]
[564712.8125]
[677229.75]
[538501.5]
[575466.1875]
[629138.5]
[550085.75]
[550529.875]
[638997.0625]
[599400.8125]
[568250.5]
[643430.0625]
[542893.4375]
[566981.75]
[635715.625]
[580474.75]
[569183.125]
[674103.0]
[567335.5]
[566429.3125]
[636544.0625]
[587696.0]
[576634.9375]
[667470.375]
[600014.4375]
[571674.875]
[638306.3125]
[585752.625]
[580660.0625]
[677916.625]
[592243.25]
[585873.25]
[636130.25]
[621031.0]
[589069.875]
[673478.875]
[586955.125]
[573471.375]
[667282.375]
[604058.0625]
[603379.625]
[676891.375]
[576583.0]
[587261.1875]
[684275.375]
[571719.1875]
[617319.875]
[654496.6875]
[606627.6875]
[601969.0]
[664785.1875]
[601345.375]
[615221.0]
[668641.6875]
[606803.25]
[602661.625]
[697461.0]
[618000.0]
[585097.375]
[652216.4375]
[610057.8125]
[589849.125]
[661798.5]
[604826.1875]
[608980.0]
[714773.0]
[611615.9375]
[627631.8125]
[704844.4375]
[606278.8125]
[604014.1875]
[676334.625]
[630159.5625]
[616322.5]
[688482.5625]
[587360.125]
[590375.125]
[688107.5625]
[630497.5]
[613982.25]
[675787.875]
[597474.375]
[603165.25]
[714021.0]
[611005.0625]
[622589.25]
[683655.6875]
[623265.3125]
[647103.125]
[692822.75]
[623277.25]
[626672.625]
[698930.0625]
[634977.5]
[604072.3125]
[706912.3125]
[624752.9375]
[612610.9375]
[682071.0]
[627787.0]
[617421.1875]
[723511.625]
[645753.0]
[609017.375]
[725879.0625]
[620143.3125]
[592906.375]
[700074.625]
[632350.3125]
[618697.75]
[730241.8125]
[656583.5]
[632217.75]
[735926.75]
[653653.75]
[629814.25]
[726601.875]
[625737.0625]
[621552.1875]
[693654.25]
[627739.75]
[605595.1875]
[713209.875]
[634920.375]
[637261.1875]
[712048.4375]
[659599.3125]
[628295.375]
[689799.5]
[661832.75]
[607320.625]
[692145.6875]
[667111.25]
[614167.4375]
[704800.375]
[635929.125]
[635739.75]
[707995.3125]
[625898.1875]
[663351.9375]
[718988.375]
[649903.3125]
[675375.875]
[726815.6875]
[640249.125]
[663553.9375]
[741513.0]
[608907.0625]
[661110.3125]
[720808.6875]
[655790.375]
[646225.0625]
[721787.0625]
[662616.125]
[632290.875]
[731685.9375]
[657037.6875]
[661943.6875]
[748390.5625]
[669004.875]
[636901.0]
[769922.875]
[657784.875]
[651082.3125]
[733390.0625]
[638492.25]
[645317.625]
[744040.0]
[686573.9375]
[634269.5625]
[753379.0]
[641628.5]
[665111.3125]
[765267.5]
[674109.9375]
[651504.1875]
[777339.875]
[680968.625]
[634802.125]
[757629.8125]
[670957.5625]
[653339.375]
[775501.875]
[662958.0625]
[632939.25]
[733470.875]
[663978.1875]
[674404.75]
[747916.125]
[688805.75]
[625335.625]
[769351.875]
[692264.125]
[654923.375]
[765522.0]
[684936.125]
[686658.125]
[767404.875]
[684081.125]
[693505.5625]
[774924.75]
[693584.5625]
[694485.5625]
[778074.125]
[684312.5]
[665942.0625]
[811918.875]
[696231.625]
[701036.875]
[764466.25]
[699778.625]
[700971.625]
[746871.3125]
[684397.6875]
[690183.5625]
[774598.5625]
[715456.0]
[671385.0625]
[767811.1875]
[679107.5625]
[702028.25]
[776923.25]
[657430.25]
[679520.0]
[755038.9375]
[691569.125]
[665608.375]
[774778.25]
[679888.625]
[683736.5625]
[784340.0]
[709892.5]
[671879.375]
[790115.9375]
[699651.0]
[665835.4375]
[788693.0625]
[699684.9375]
[677324.5]
[790564.125]
[702447.125]
[701768.75]
[799412.0]
[685381.8125]
[715463.875]
[818921.3125]
[715083.0]
[695273.125]
[795798.0]
[715418.5625]
[704722.5]
[779729.5625]
[692349.3125]
[706287.5]
[807792.75]
[688502.1875]
[698450.1875]
[764301.625]
[718804.125]
[681044.375]
[797447.875]
[723670.0625]
[730955.1875]
[787462.5625]
[724653.4375]
[703239.625]
[821261.75]
[722696.625]
[694271.6875]
[795281.375]
[681481.5625]
[726754.125]
[794000.3125]
[720870.125]
[735636.8125]
[825339.875]
[742041.25]
[716056.6875]
[792923.625]
[731307.3125]
[710996.375]
[822673.0625]
[723797.625]
[719931.6875]
[843955.5]
[750893.6875]
[695707.375]
[833793.0]
[714462.4375]
[724891.0625]
[823612.875]
[724994.625]
[721037.75]
[807897.1875]
[741912.875]
[716672.3125]
[862245.5]
[757576.625]
[715076.0]
[849614.875]
[735658.25]
[737408.5]
[812766.25]
[747082.25]
[738073.0]
[809334.1875]
[766555.9375]
[736322.875]
[851390.25]
[739797.5625]
[750108.25]
[858103.0625]
[779589.0]
[720413.625]
[815731.0]
[749487.875]
[754587.8125]
[827621.625]
[740873.75]
[770923.8125]
[875016.875]
[722045.6875]
[766566.375]
[855531.375]
[758161.375]
[772725.5]
[860674.625]
[770722.25]
[725180.125]
[857501.6875]
[780647.0]
[769847.625]
[828985.0625]
[787205.5625]
[741093.0]
[846541.75]
[772717.75]
[787450.0]
[874149.9375]
[808059.8125]
[774600.9375]
[842697.125]
[723841.3125]
[767307.375]
[878699.0625]
[796387.5625]
[784675.875]
[872440.625]
[809731.5625]
[783963.5625]
[886878.75]
[804081.0]
[806905.75]
[844272.875]
[764548.875]
[749958.5625]
[899138.9375]
[787487.0625]
[811779.5625]
[878367.5625]
[814467.0625]
[789099.5]
[928785.125]
[796415.375]
[773431.25]
[912914.8125]
[799464.25]
[784652.625]
[949669.0625]
[809695.4375]
[759223.375]
[916620.125]
[772814.125]
[840501.875]
[888137.0]
[803615.25]
[785865.625]
[892457.4375]
[804764.8125]
[804992.0]
[881975.625]
[789791.125]
[802889.0625]
[907581.0625]
[782377.75]
[758101.875]
[898510.25]
[820779.25]
[793442.0]
[908686.625]
[854062.4375]
[788910.0625]
[910760.6875]
[812572.125]
[843981.125]
[918421.875]
[800784.625]
[818585.125]
[926915.5]
[835474.25]
[790809.375]
[854794.0625]
[810263.5]
[821555.6875]
[920259.0]
[849376.0]
[824543.875]
[909642.0]
[857841.875]
[841342.875]
[972949.5625]
[850239.75]
[863334.25]
[943494.125]
[847539.8125]
[765234.1875]
[910866.9375]
[853350.8125]
[833693.6875]
[918381.1875]
[819024.75]
[817948.375]
[906877.8125]
[838037.125]
[827744.9375]
[934297.3125]
[840248.75]
[831768.0]
[971969.625]
[839299.3125]
[882297.5625]
[926397.9375]
[853685.375]
[846684.0625]
[971565.4375]
[850878.3125]
[829532.875]
[935560.9375]
[816309.3125]
[848096.5625]
[950523.8125]
[857591.0]
[884780.875]
[1005357.5]
[876814.625]
[880802.3125]
[933712.25]
[879241.0625]
[851538.0625]
[1008692.5625]
[849950.25]
[828136.125]
[963813.125]
[900460.375]
[864246.9375]
[978274.125]
[866042.125]
[837858.5]
[987899.4375]
[872511.8125]
[881680.125]
[972200.25]
[879056.875]
[886247.625]
[960704.9375]
[854012.8125]
[862171.4375]
[969109.625]
[908536.625]
[847869.4375]
[997733.8125]
[873843.8125]
[900346.5]
[978286.8125]
[870167.25]
[873537.1875]
[1011998.3125]
[905461.375]
[875443.6875]
[958586.875]
[905302.3125]
[829088.75]
[994760.75]
[857176.0]
[890551.5625]
[1039268.75]
[883738.5625]
[879958.625]
[983106.5]
[856407.0]
[835643.0625]
[987527.25]
[887519.3125]
[887575.875]
[997188.5]
[908291.9375]
[904512.1875]
[1004565.375]
[902873.4375]
[843357.875]
[1083976.75]
[916807.125]
[910127.625]
[1060423.125]
[918970.625]
[895697.625]
[996536.875]
[891010.75]
[922622.5]
[1027862.0]
[902715.625]
[908760.3125]
[1002181.0625]
[917616.375]
[926750.0]
[1015375.0]
[902850.9375]
[861915.8125]
[1004568.875]
[922507.0]
[931130.6875]
[1042348.6875]
[927323.1875]
[885904.125]
[1038403.375]
[943196.625]
[910758.625]
[1006276.8125]
[937383.75]
[935593.25]
[1052595.5]
[913734.125]
[871342.5625]
[1028518.5]
[944260.0]
[909381.0625]
[1001628.0]
[957720.625]
[942597.4375]
[1016689.4375]
[942614.25]
[930935.125]
[1038631.375]
[941405.0625]
[943118.5]
[1047214.4375]
[922538.125]
[953580.0]
[1012981.8125]
[930968.75]
[922204.875]
[1072501.25]
[968872.9375]
[918086.75]
[995518.5]
[970326.1875]
[910941.1875]
[1050315.0]
[972677.8125]
[932739.125]
[1054071.875]
[949571.375]
[932225.3125]
[1060474.25]
[982026.3125]
[940340.9375]
[1076328.75]
[944857.8125]
[941168.375]
[1063058.5]
[938075.5625]
[971935.625]
[1085353.0]
[998856.0]
[931951.5]
[1044437.8125]
[933448.5625]
[974916.0]
[1057481.25]
[984253.625]
[935919.9375]
[1023067.4375]
[917509.0]
[971880.0]
[1110458.625]
[1025045.4375]
[969391.75]
[1091845.0]
[994934.4375]
[985585.1875]
[1068371.75]
[990460.5]
[975502.4375]
[1094638.375]
[943889.9375]
[931172.5625]
[1151575.5]
[934229.0]
[967628.375]
[1090088.375]
[976014.875]
[984091.1875]
[1130021.25]
[968224.875]
[966022.3125]
[1097511.25]
[970364.75]
[994868.625]
[1072553.375]
[1033153.25]
[979492.4375]
[1021361.0]
[983282.3125]
[1011248.9375]
[1117416.75]
[991090.9375]
[962307.875]
[1095298.125]
[985452.6875]
[958252.625]
[1089444.5]
[1026925.1875]
[961078.9375]
[1049336.25]
[997416.625]
[978790.25]
[1093775.25]
[991968.5]
[980915.8125]
[1113222.0]
[1002221.6875]
[952531.9375]
[1079252.25]
[992848.75]
[967201.875]
[1105254.375]
[1013703.5]
[1026378.0]
[1126120.375]
[983684.0]
[984779.3125]
[1161213.375]
[1014894.25]
[972970.125]
[1107354.75]
[1020517.4375]
[998585.75]
[1089107.5]
[1004953.0]
[998975.375]
[1148154.75]
[983750.4375]
[1014155.6875]
[1158355.5]
[1005567.6875]
[986282.75]
[1127406.875]
[1013983.0625]
[1008590.25]
[1138602.25]
[1050158.5]
[1037560.1875]
[1149914.5]
[994986.25]
[1024636.0]
[1068530.0]
[1036911.125]
[1003381.1875]
[1159062.125]
[1030688.5]
[1020218.625]
[1147950.875]
[1002202.75]
[1001906.75]
[1132584.0]
[1022368.4375]
[1041226.875]
[1159288.0]
[1097086.625]
[1046331.625]
[1133910.0]
[1021638.5]
[1007088.75]
[1166894.125]
[1027627.5]
[1052704.25]
[1171461.5]
[1069967.125]
[1028138.75]
[1188629.25]
[1027770.5]
[971845.5]
[1155881.0]
[1045902.8125]
[1025119.125]
[1155779.5]
[1035687.0625]
[1056261.5]
[1141938.125]
[1020111.875]
[1073668.5]
[1153662.625]
[1025397.8125]
[1061155.125]
[1185090.25]
[1013292.5625]
[1027177.6875]
[1167789.25]
[1037026.625]
[1080832.5]
[1169439.375]
[986412.0625]
[1034915.5]
[1164413.875]
[1075684.625]
[988151.9375]
[1238919.75]
[1053834.125]
[1028038.75]
[1209494.75]
[1080947.5]
[1020306.9375]
[1161889.25]
[1082374.75]
[1089720.5]
[1204235.375]
[1042753.0]
[1114681.625]
[1204449.0]
[1107083.375]
[1006422.4375]
[1204634.75]
[1086816.375]
[1092997.625]
[1147826.875]
[1079662.375]
[1040176.3125]
[1198893.75]
[1047317.0]
[1063786.5]
[1225688.125]
[1055033.25]
[1083421.25]
[1177778.875]
[1068829.875]
[1085729.875]
[1173751.25]
[1048061.25]
[1032446.1875]
[1225931.5]
[1109278.375]
[1118842.875]
[1300386.25]
[1068852.5]
[1087831.75]
[1243472.5]
[1124319.75]
[1039039.9375]
[1190399.0]
[1105406.5]
[1074651.75]
[1229237.625]
[1046439.375]
[1079690.75]
[1234944.75]
[1079263.25]
[1048400.625]
[1223772.625]
[1107749.5]
[1063891.0]
[1229953.75]
[1102470.625]
[1096241.625]
[1216025.25]
[1099243.25]
[1089896.75]
[1214712.5]
[1115960.125]
[1111602.0]
[1232977.125]
[1136567.625]
[1115159.125]
[1203779.0]
[1144140.375]
[1134174.5]
[1231739.0]
[1176310.5]
[1111401.5]
[1206344.5]
[1115212.125]
[1090054.5]
[1282423.625]
[1144175.5]
[1128594.75]
[1269396.125]
[1131834.75]
[1084696.0]
[1249685.875]
[1084393.75]
[1115836.875]
[1266642.5]
[1157753.5]
[1114530.25]
[1285395.5]
[1120000.125]
[1081456.0]
[1318487.125]
[1114583.875]
[1135457.125]
[1218107.375]
[1115058.625]
[1100577.75]
[1279145.75]
[1140695.5]
[1100736.5]
[1289436.25]
[1168835.375]
[1124573.625]
[1224160.75]
[1134942.25]
[1153602.5]
[1230289.125]
[1123090.0]
[1074653.375]
[1219201.5]
[1131841.125]
[1183825.0]
[1244493.5]
[1164665.875]
[1132443.625]
[1362510.375]
[1137518.5]
[1141487.0]
[1267422.25]
[1164617.75]
[1139533.5]
[1346619.0]
[1099423.75]
[1137418.75]
[1350466.125]
[1151231.625]
[1096385.5]
[1270166.875]
[1158888.25]
[1161337.375]
[1276800.0]
[1181904.625]
[1153692.625]
[1276603.625]
[1158338.0]
[1130321.0]
[1297186.5]
[1183520.875]
[1112994.125]
[1304986.125]
[1169414.125]
[1184319.625]
[1292832.375]
[1184035.875]
[1144176.25]
[1306686.5]
[1203212.875]
[1135243.0]
[1265063.25]
[1154579.25]
[1210146.25]
[1340797.0]
[1121446.0]
[1234357.0]
[1323718.25]
[1151103.0]
[1195889.375]
[1303393.625]
[1176907.125]
[1125388.875]
[1318209.75]
[1124460.25]
[1151252.75]
[1313971.25]
[1147198.25]
[1133485.75]
[1325700.25]
[1211760.125]
[1147697.375]
[1366676.875]
[1223868.25]
[1141019.25]
[1351221.0]
[1182287.125]
[1125364.25]
[1285336.875]
[1224813.875]
[1176136.5]
[1263181.5]
[1174050.0]
[1160705.0]
[1374328.875]
[1139578.0]
[1196726.0]
[1313237.125]
[1211625.875]
[1186965.25]
[1322754.25]
[1249402.875]
[1176070.5]
[1349266.375]
[1185769.75]
[1096168.125]
[1345219.625]
[1172378.125]
[1231679.375]
[1380396.25]
[1180084.5]
[1213852.125]
[1286400.25]
[1177603.0]
[1200720.0]
[1299098.25]
[1152568.0]
[1166659.5]
[1378451.5]
[1193415.75]
[1217804.375]
[1344520.625]
[1237340.25]
[1183606.5]
[1308371.125]
[1216920.0]
[1168548.125]
[1389523.25]
[1207183.5]
[1200221.625]
[1368217.5]
[1195849.375]
[1240095.625]
[1310743.625]
[1231937.625]
[1265200.0]
[1406421.25]
[1229929.5]
[1217772.125]
[1378254.625]
[1198900.5]
[1240461.375]
[1354381.0]
[1202100.0]
[1207463.75]
[1359760.75]
[1248717.125]
[1217094.625]
[1351101.5]
[1259205.5]
[1234575.375]
[1387958.125]
[1269815.125]
[1234481.5]
[1354401.625]
[1245129.375]
[1191175.375]
[1386397.0]
[1237439.75]
[1258468.5]
[1401469.375]
[1244255.0]
[1256906.25]
[1398836.75]
[1249126.625]
[1195381.625]
[1346618.875]
[1224405.875]
[1232324.75]
[1359733.5]
[1212353.125]
[1225567.5]
[1419213.5]
[1202557.75]
[1216186.375]
[1404853.75]
[1253799.625]
[1196047.5]
[1345411.5]
[1287119.375]
[1252882.75]
[1498571.5]
[1261313.75]
[1254985.75]
[1439104.0]
[1262321.625]
[1259934.75]
[1334999.0]
[1267235.25]
[1236855.75]
[1406944.625]
[1252182.625]
[1260420.75]
[1336300.25]
[1319610.625]
[1241028.75]
[1397386.25]
[1314273.5]
[1249740.0]
[1382346.5]
[1285887.375]
[1244493.375]
[1383852.625]
[1242526.25]
[1251249.125]
[1374766.625]
[1243013.375]
[1244767.25]
[1457939.25]
[1259608.0]
[1251743.75]
[1482055.5]
[1278438.75]
[1243785.75]
[1332284.0]
[1241610.875]
[1293523.625]
[1425814.0]
[1224656.875]
[1227430.25]
[1449015.75]
[1273957.875]
[1228088.5]
[1494849.0]
[1296769.75]
[1323325.0]
[1395288.5]
[1297416.875]
[1323366.125]
[1413364.5]
[1286937.25]
[1271744.25]
[1397562.25]
[1281805.375]
[1291358.875]
[1427364.625]
[1296444.875]
[1294632.125]
[1428585.25]
[1258711.0]
[1310724.75]
[1453895.75]
[1338229.25]
[1245358.5]
[1461089.875]
[1304904.25]
[1271456.75]
[1422659.0]
[1333615.375]
[1243499.625]
[1457368.0]
[1347425.625]
[1224119.75]
[1427492.375]
[1324324.75]
[1279398.0]
[1378888.5]
[1313663.125]
[1199351.375]
[1420151.25]
[1322184.75]
[1325687.25]
[1436053.125]
[1349154.75]
[1261683.375]
[1452433.25]
[1331487.125]
[1264203.625]
[1446257.5]
[1255689.75]
[1271754.875]
[1403872.25]
[1279851.25]
[1337752.875]
[1387249.375]
[1329705.75]
[1288293.125]
[1317749.25]
[1350692.0]
[1352076.25]
[1374768.125]
[1354163.0]
[1332533.75]
[1327120.125]
[1338706.25]
[1336119.375]
[1316728.375]
[1307513.875]
[1290097.875]
[1379599.75]
[1343424.375]
[1320903.0]
[1372217.5]
[1363025.25]
[1308121.875]
[1280210.375]
[1299783.75]
[1295399.5]
[1316654.5]
[1291319.625]
[1300868.5]
[1380959.0]
[1328006.5]
[1340283.25]
[1347743.125]
[1375939.0]
[1387943.125]
[1359785.875]
[1354851.5]
[1552498.5]
[1493798.625]
[1275954.125]
[1445189.625]
[1244106.25]
[1445772.75]
[1233316.25]
[1546852.25]
[1543684.25]
[1623054.125]
[1331213.875]
[1633446.125]
[1481892.75]
[1367625.0]
[1449533.75]
[1557976.75]
[1269407.375]
[1492032.0]
[1520606.0]
[1378468.875]
[1590996.0]
[1570383.75]
[1323195.125]
[1537709.875]
[1556703.5]
[1403704.75]
[1492736.0]
[1535356.75]
[1325033.0]
[1511615.25]
[1542984.0]
[1369471.5]
[1599115.625]
[1498102.25]
[1390243.5]
[1504484.75]
[1577356.125]
[1336852.75]
[1563887.375]
[1532173.25]
[1454233.75]
[1543866.25]
[1493275.75]
[1366602.125]
[1563479.75]
[1538766.375]
[1407256.25]
[1532469.625]
[1481637.375]
[1389700.5]
[1556020.625]
[1579566.625]
[1390725.75]
[1542252.25]
[1588753.5]
[1370920.5]
[1571030.75]
[1627962.375]
[1378565.75]
[1540547.5]
[1522269.375]
[1336205.25]
[1633466.125]
[1562834.0]
[1339060.75]
[1516133.75]
[1583602.0]
[1351773.375]
[1492954.625]
[1567097.5]
[1404235.75]
[1474662.125]
[1599043.5]
[1352080.0]
[1568434.5]
[1635391.375]
[1387816.5]
[1568564.5]
[1590574.5]
[1387865.0]
[1474078.5]
[1562450.0]
[1398529.625]
[1557835.875]
[1568776.875]
[1414483.75]
[1533115.0]
[1570216.0]
[1429697.5]
[1534632.75]
[1593312.625]
[1358962.875]
[1521353.375]
[1597939.125]
[1291580.0]
[1584683.375]
[1596022.375]
[1403921.375]
[1542617.75]
[1557431.25]
[1412973.125]
[1579087.5]
[1598437.75]
[1419326.5]
[1558456.75]
[1581384.25]
[1373402.375]
[1586369.75]
[1571525.375]
[1377378.75]
[1605345.25]
[1659078.375]
[1435207.0]
[1497291.75]
[1540181.125]
[1414173.5]
[1572154.625]
[1582831.75]
[1482525.0]
[1506245.125]
[1555140.25]
[1398887.75]
[1549783.125]
[1551225.375]
[1426795.25]
[1538560.75]
[1579168.625]
[1371092.875]
[1568999.75]
[1617074.375]
[1435562.625]
[1621927.625]
[1607502.25]
[1451969.25]
[1551179.625]
[1658797.25]
[1395413.75]
[1495751.75]
[1632431.375]
[1317553.375]
[1612801.75]
[1606807.25]
[1389072.375]
[1576490.25]
[1621515.75]
[1401627.375]
[1600962.75]
[1555189.75]
[1420740.0]
[1579683.375]
[1543767.5]
[1396583.5]
[1620576.625]
[1534563.375]
[1404135.125]
[1520970.0]
[1561897.625]
[1385440.375]
[1530598.875]
[1514442.375]
[1337210.5]
[1565785.625]
[1599494.375]
[1354571.375]
[1511074.125]
[1561871.5]
[1356872.75]
[1596828.375]
[1577478.75]
[1361037.125]
[1616694.375]
[1513641.5]
[1373807.5]
[1543297.375]
[1571037.25]
[1366162.25]
[1542897.75]
[1607177.875]
[1389436.0]
[1582336.5]
[1564670.5]
[1367017.25]
[1514080.5]
[1552561.75]
[1363965.0]
[1584364.375]
[1532903.0]
[1436043.0]
[1580829.5]
[1602457.5]
[1330230.125]
[1518107.5]
[1609090.75]
[1406786.375]
[1659241.25]
[1611154.0]
[1436775.875]
[1661172.5]
[1556274.5]
[1401707.875]
[1528492.5]
[1552272.75]
[1342980.25]
[1657585.875]
[1495256.0]
[1454039.875]
[1586669.5]
[1606227.75]
[1435342.25]
[1661923.625]
[1580061.375]
[1385446.875]
[1598802.625]
[1523391.0]
[1420286.625]
[1570345.75]
[1631473.375]
[1423416.75]
[1616995.5]
[1598061.125]
[1460417.125]
[1569263.25]
[1563970.5]
[1448370.125]
[1616278.0]
[1656402.125]
[1401191.875]
[1555565.75]
[1675974.875]
[1423148.0]
[1618669.375]
[1698411.5]
[1347775.875]
[1609272.25]
[1583486.5]
[1415062.5]
[1579438.875]
[1626768.0]
[1395584.25]
[1605533.0]
[1690848.875]
[1418407.375]
[1617479.125]
[1656936.625]
[1353580.75]
[1684557.5]
[1598630.25]
