[1909.6195068359375]
[1632.2069091796875]
[1447.72119140625]
[1711.3299560546875]
[2116.698974609375]
[2351.2060546875]
[3633.4619140625]
[4406.12060546875]
[1132.5986328125]
[677.3435668945312]
[900.1068115234375]
[1087.40185546875]
[4011.588623046875]
[7492.919921875]
[3310.1630859375]
[1367.9447021484375]
[6399.37939453125]
[7276.041015625]
[34977.39453125]
[39905.84765625]
[14217.173828125]
[16174.9033203125]
[97011.828125]
[94345.34375]
[18548.7421875]
[28772.91796875]
[68743.0859375]
[18008.7578125]
[33916.0546875]
[67634.59375]
[61097.4765625]
[90026.0234375]
[40675.328125]
[79188.9375]
[6719.080078125]
[15060.630859375]
[13044.3515625]
[4651.6259765625]
[206056.75]
[57245.671875]
[172970.03125]
[302459.90625]
[46815.5703125]
[414085.6875]
[45783.4296875]
[306271.8125]
[633715.4375]
[847.011962890625]
[39191.65234375]
[24314.79296875]
[18413.275390625]
[946584.625]
[52777.7265625]
[389227.4375]
[86014.953125]
[9527.3779296875]
[5467.4326171875]
[23883.20703125]
[59020.609375]
[57814.2109375]
[74582.0625]
[8580.4365234375]
[10800.400390625]
[20803.189453125]
[36327.375]
[23970.826171875]
[35144.61328125]
[3745.072998046875]
[540389.5625]
[1054335.625]
[1272996.875]
[2439218.75]
[887890.6875]
[304841.4375]
[999192.8125]
[443312.5625]
[337772.03125]
[26384.015625]
[977182.6875]
[1490040.75]
[1584003.625]
[1186100.0]
[755347.4375]
[300744.09375]
[195970.390625]
[104755.140625]
[63192.71484375]
[19688112.0]
[5996027.0]
[571829.5625]
[26949390.0]
[1347711.25]
[3132577.75]
[3225185.0]
[21863018.0]
[4090587.25]
[2701907.5]
[2958805.5]
[6489741.5]
[129656.4609375]
[171193.078125]
[16128916.0]
[33358668.0]
[12281955.0]
[39117904.0]
[11309427.0]
[42551044.0]
[11413812.0]
[41314844.0]
[11885608.0]
[42265664.0]
[15531063.0]
[44892024.0]
[15593819.0]
[52019976.0]
[17331766.0]
[44533360.0]
[19997710.0]
[48641584.0]
[17469506.0]
[55851456.0]
[18887748.0]
[55666592.0]
[20732812.0]
[50323128.0]
[25120560.0]
[54522068.0]
[22490582.0]
[63057304.0]
[24341744.0]
[66798948.0]
[27217420.0]
[62137952.0]
[25474188.0]
[73836800.0]
[30463168.0]
[77120504.0]
[28583590.0]
[75840280.0]
[28744728.0]
[72193216.0]
[26727132.0]
[100415072.0]
[37871648.0]
[94110640.0]
[37771376.0]
[102089976.0]
[38427936.0]
[102887640.0]
[38074064.0]
[118191680.0]
[31198096.0]
[123124400.0]
[30105604.0]
[128479256.0]
[33906156.0]
[131283104.0]
[37190260.0]
[145077968.0]
[35402100.0]
[137607424.0]
[39851632.0]
[147519008.0]
[42111500.0]
[142760496.0]
[39173744.0]
[148782288.0]
[46475900.0]
[161479600.0]
[49055440.0]
[156735168.0]
[54485936.0]
[159380960.0]
[62404088.0]
[155527776.0]
[66180812.0]
[152074784.0]
[77578864.0]
[162679904.0]
[78767672.0]
[158055280.0]
[81271648.0]
[148717648.0]
[50470404.0]
[233049712.0]
[47266284.0]
[238453408.0]
[55022808.0]
[245341392.0]
[58785608.0]
[219900640.0]
[56565192.0]
[236041248.0]
[79332264.0]
[14569149.0]
[14905907.0]
[123167584.0]
[3274621.25]
[6867330.0]
[136236448.0]
[2111245.0]
[7140940.0]
[148489072.0]
[1853052.25]
[4475238.5]
[166221856.0]
[1678320.25]
[3793220.0]
[120838840.0]
[107957112.0]
[62920448.0]
[240036816.0]
[20645130.0]
[27663744.0]
[71425640.0]
[14732297.0]
[26164176.0]
[2209995.5]
[1134130.0]
[2266381.25]
[2128708.5]
[2710143.5]
[3046204.25]
[3054508.5]
[3467794.5]
[1307061.75]
[28816804.0]
[9666048.0]
[1381613.375]
[1557857.25]
[3747680.0]
[2699727.25]
[2205545.0]
[2778861.5]
[1571554.25]
[1590436.375]
[44108208.0]
[70650408.0]
[1144786176.0]
[17828818.0]
[14177289.0]
[3387994.0]
[51808044.0]
[24395340.0]
[318285.6875]
[57850316.0]
[83988960.0]
[291486.59375]
[9018937.0]
[40634688.0]
[33548120.0]
[30579098.0]
[39583824.0]
[39239236.0]
[37351116.0]
[55421040.0]
[58327128.0]
[34742516.0]
[224538416.0]
[7145341.0]
[29020460.0]
[55212836.0]
[5850671.5]
[203128464.0]
[30070806.0]
[231935760.0]
[4251651.0]
[13562900.0]
[245403952.0]
[4541610.5]
[16188575.0]
[238582128.0]
[369904.53125]
[27919582.0]
[1028029.875]
[80738416.0]
[30259342.0]
[33606672.0]
[199213248.0]
[7591436.0]
[19054340.0]
[251349296.0]
[2253923.25]
[11801548.0]
[311945504.0]
[1664675.375]
[11283692.0]
[300677408.0]
[1991528.875]
[14019393.0]
[263812768.0]
[4793914.5]
[21376704.0]
[249791344.0]
[9622700.0]
[30558848.0]
[270179104.0]
[8463511.0]
[29367704.0]
[241700288.0]
[13649070.0]
[36324960.0]
[241788000.0]
[19575572.0]
[6628647.0]
[354396032.0]
[30141680.0]
[53617172.0]
[324098528.0]
[82422832.0]
[153749376.0]
[89878880.0]
[136365104.0]
[248618048.0]
[50785460.0]
[202602048.0]
[199286368.0]
[306399552.0]
[135010400.0]
[216129280.0]
[282022528.0]
[91501448.0]
[175139072.0]
[253644528.0]
[108579216.0]
[172758688.0]
[215718048.0]
[132909416.0]
[129226176.0]
[178440224.0]
[201883440.0]
[82028816.0]
[145031920.0]
[201199696.0]
[81155896.0]
[128674344.0]
[230085904.0]
[69728616.0]
[127724800.0]
[237167008.0]
[129170568.0]
[207438800.0]
[137766752.0]
[153147456.0]
[232012768.0]
[100080856.0]
[223587264.0]
[346117600.0]
[89096488.0]
[290579552.0]
[403451136.0]
[67357832.0]
[275322048.0]
[378824384.0]
[192731184.0]
[189650000.0]
[16311113.0]
[12452534.0]
[249986880.0]
[213775408.0]
[332149184.0]
[74542304.0]
[303695840.0]
[388966624.0]
[80049096.0]
[220888800.0]
[232462096.0]
[479272672.0]
[180483808.0]
[81345304.0]
[302561120.0]
[392461440.0]
[82759648.0]
[269528320.0]
[353998592.0]
[82673760.0]
[41811128.0]
[274914944.0]
[187354.09375]
[11197647.0]
[949817280.0]
[8065456.5]
[46807952.0]
[920237888.0]
[13665825.0]
[73166616.0]
[743458560.0]
[15128483.0]
[56212552.0]
[838061568.0]
[18377166.0]
[63759088.0]
[896794752.0]
[25426990.0]
[86914288.0]
[805761280.0]
[39964536.0]
[106840360.0]
[685461440.0]
[51815728.0]
[129823072.0]
[681773696.0]
[64638260.0]
[146031136.0]
[726320512.0]
[73251136.0]
[161670464.0]
[614943040.0]
[86077456.0]
[181568800.0]
[1247096320.0]
[10543056.0]
[1562428160.0]
[80899880.0]
[252006560.0]
[8503762.0]
[345243968.0]
[714013632.0]
[1767075584.0]
[595236608.0]
[175491744.0]
[626967168.0]
[276861536.0]
[524959232.0]
[476648576.0]
[675194176.0]
[184710992.0]
[260511744.0]
[884556416.0]
[103171800.0]
[187450672.0]
[1013655360.0]
[58528304.0]
[148804800.0]
[1077663104.0]
[55331820.0]
[134240112.0]
[1012968640.0]
[67313280.0]
[135865120.0]
[1141629824.0]
[62020928.0]
[156096736.0]
[1099100032.0]
[72172936.0]
[181551136.0]
[1172984576.0]
[85252096.0]
[190382400.0]
[1007181696.0]
[88392168.0]
[183348608.0]
[1082463872.0]
[98424624.0]
[239802128.0]
[935363712.0]
[117145104.0]
[265948512.0]
[960948672.0]
[133602616.0]
[263031344.0]
[962597184.0]
[152055136.0]
[265469536.0]
[950486144.0]
[156672848.0]
[290143744.0]
[1100107392.0]
[29773744.0]
[112463808.0]
[1487914752.0]
[19698074.0]
[82848936.0]
[1749840128.0]
[13704890.0]
[70740088.0]
[2025307904.0]
[8780966.0]
[57700276.0]
[1766997888.0]
[8069291.0]
[56740996.0]
[1763705088.0]
[9470136.0]
[63844236.0]
[1907834368.0]
[8962166.0]
[265104720.0]
[2573135360.0]
[8510076928.0]
[3112339456.0]
[5238974976.0]
[608028864.0]
[222469120.0]
[56024928.0]
[489954016.0]
[2856491008.0]
[2914636032.0]
[253327616.0]
[4632274944.0]
[1029260672.0]
[3712564480.0]
[104459088.0]
[188112960.0]
[883798528.0]
[646574912.0]
[934465280.0]
[2541423104.0]
[24787148.0]
[1321673600.0]
[26503428.0]
[69530088.0]
[286450240.0]
[44862852.0]
[4608772608.0]
[1854676864.0]
[126105952.0]
[1815456512.0]
[1699459840.0]
[427776000.0]
[1234689024.0]
[14280898.0]
[754856704.0]
[1901421.25]
[1351832832.0]
[512260320.0]
[1870502400.0]
[249326912.0]
[5469547.0]
[548552832.0]
[1371515136.0]
[1746503808.0]
[322071456.0]
[1123621632.0]
[1688041472.0]
[262300736.0]
[1211171328.0]
[675027904.0]
[340181856.0]
[9540886.0]
[4192148480.0]
[5372983296.0]
[1708993920.0]
[675661568.0]
[71964056.0]
[1005639552.0]
[17367738.0]
[2484186368.0]
[4167789.0]
[428468224.0]
[5669279232.0]
[634657920.0]
[3106294784.0]
[1344908544.0]
[214159248.0]
[4715128.5]
[185254512.0]
[2416873472.0]
[349272256.0]
[353375968.0]
[2436258816.0]
[1061897600.0]
[280977184.0]
[21359340.0]
[14903222.0]
[314171488.0]
[1859128960.0]
[347072000.0]
[730734016.0]
[2249461760.0]
[81292000.0]
[49954240.0]
[430742400.0]
[903278464.0]
[947800960.0]
[6273414144.0]
[336622688.0]
[3217833984.0]
[295837024.0]
[2285728512.0]
[353303616.0]
[3256177152.0]
[8967034880.0]
[2731058944.0]
[1785741184.0]
[1731557760.0]
[56882108.0]
[102025320.0]
[4357657600.0]
[17822704.0]
[104230312.0]
[3110503680.0]
[15374102.0]
[51244144.0]
[15343869.0]
[92092448.0]
[9267778.0]
[249423856.0]
[13118259.0]
[25284674.0]
[5566705664.0]
[2563433216.0]
[2295160576.0]
[814404096.0]
[669777216.0]
[7113612800.0]
[1452250880.0]
[1766481920.0]
[912833728.0]
[2133192960.0]
[809669952.0]
[2081802880.0]
[2476407040.0]
[1509580032.0]
[1425347840.0]
[1850637568.0]
[2147717632.0]
[977687744.0]
[1563102848.0]
[2324385536.0]
[931160000.0]
[1643970560.0]
[2376303872.0]
[863747328.0]
[1437616896.0]
[2537619968.0]
[807926656.0]
[1336902656.0]
[2472963072.0]
[714608128.0]
[1317555328.0]
[2520820224.0]
[740056896.0]
[1309133568.0]
[2518534912.0]
[777034176.0]
[1310280960.0]
[2501694464.0]
[626766848.0]
[1078215936.0]
[2760085504.0]
[572428352.0]
[1053399680.0]
[3526252032.0]
[391358656.0]
[854783168.0]
[3614288640.0]
[339933984.0]
[700308864.0]
[4048990464.0]
[356453504.0]
[704740352.0]
[3542123520.0]
[341367040.0]
[749001344.0]
[3608130048.0]
[362518880.0]
[856779072.0]
[4152943616.0]
[132408432.0]
[353042208.0]
[4919507456.0]
[149594544.0]
[528574784.0]
[4769136640.0]
[293470080.0]
[900173696.0]
[3297593088.0]
[578649344.0]
[1120376064.0]
[3267145472.0]
[754178304.0]
[1434632320.0]
[2847758592.0]
[879919488.0]
[1465698944.0]
[2979239424.0]
[958170048.0]
[1732974848.0]
[2863473664.0]
[1035081792.0]
[1687040384.0]
[2640760320.0]
[1121430912.0]
[1905544960.0]
[2695716864.0]
[1176931456.0]
[1778142592.0]
[2835512832.0]
[1155523328.0]
[1899615744.0]
[2582728192.0]
[1145707776.0]
[1899055488.0]
[2998532608.0]
[1114405376.0]
[1797223168.0]
[2752732160.0]
[1104464896.0]
[1865743360.0]
[2703653376.0]
[1199820160.0]
[1706820224.0]
[3032800768.0]
[1135555456.0]
[1788034816.0]
[3207787008.0]
[934518016.0]
[1416785920.0]
[3189916672.0]
[848768832.0]
[1545298816.0]
[3132969472.0]
[901229888.0]
[1527583360.0]
[2899075328.0]
[1000480384.0]
[1667316352.0]
[2758425088.0]
[1119185280.0]
[1983057024.0]
[2730956800.0]
[1234107648.0]
[2008120064.0]
[2808958464.0]
[1102841344.0]
[1797035904.0]
[3042894592.0]
[1095708032.0]
[1804076544.0]
[3357647872.0]
[814991744.0]
[1485060608.0]
[3558649600.0]
[966992960.0]
[1582155264.0]
[3076090624.0]
[1030425664.0]
[1786448000.0]
[3206159872.0]
[1068805760.0]
[1739543040.0]
[3187940864.0]
[1210926336.0]
[1835060480.0]
[3356279296.0]
[1026231680.0]
[1717225216.0]
[3027569408.0]
[1082254336.0]
[1863080448.0]
[2864428288.0]
[1145927680.0]
[1827827968.0]
[2775307008.0]
[1220948864.0]
[2042959872.0]
[2719232768.0]
[1255879424.0]
[2191380480.0]
[2450438656.0]
[1305602304.0]
[2182510592.0]
[2472387584.0]
[1405664768.0]
[2346780928.0]
[2538255104.0]
[1505913856.0]
[2440812032.0]
[2474728960.0]
[1514638720.0]
[2382810880.0]
[2305470208.0]
[101730888.0]
[478165504.0]
[6073448960.0]
[227634224.0]
[734841728.0]
[5289433600.0]
[466533088.0]
[1102724736.0]
[4680250368.0]
[663489920.0]
[1278631936.0]
[4199322880.0]
[786898688.0]
[1515528320.0]
[3986828800.0]
[938552320.0]
[1941139328.0]
[3231409664.0]
[1263464192.0]
[2042124032.0]
[2986360320.0]
[1465733632.0]
[2262187776.0]
[3010875904.0]
[1580886528.0]
[2407537664.0]
[2878015488.0]
[1609096960.0]
[2477703936.0]
[2608717312.0]
[1623446656.0]
[2404324608.0]
[2938184960.0]
[1564368512.0]
[2391906816.0]
[3014259200.0]
[1539640448.0]
[2440389120.0]
[3036430080.0]
[1606136576.0]
[2558512128.0]
[3094204928.0]
[1551217408.0]
[2649521920.0]
[2961147904.0]
[1607807488.0]
[2466564608.0]
[2765589760.0]
[1565307776.0]
[2470027008.0]
[2919456000.0]
[1456869760.0]
[2429049344.0]
[2776094976.0]
[1578217728.0]
[2560799232.0]
[2819724032.0]
[1552536320.0]
[2700314624.0]
[2788662784.0]
[1536488320.0]
[2572567808.0]
[2762945536.0]
[1293837696.0]
[2223167488.0]
[3118713344.0]
[1286011776.0]
[2180888064.0]
[3097282560.0]
[1458220800.0]
[2236323584.0]
[3235300352.0]
[1315515136.0]
[2427406592.0]
[3089951232.0]
[1495596672.0]
[2536283904.0]
[3044830720.0]
[1690416384.0]
[2591194368.0]
[3163528448.0]
[1696853888.0]
[2651783680.0]
[3036972544.0]
[1784491264.0]
[2784436224.0]
[2805249536.0]
[1698381568.0]
[2773299968.0]
[3046002176.0]
[1735593088.0]
[2547804928.0]
[3128663552.0]
[1741460864.0]
[2428312064.0]
[3021671680.0]
[1659388672.0]
[2626285312.0]
[3203688704.0]
[1533684480.0]
[1828841984.0]
[3973014528.0]
[1221407744.0]
[2034276864.0]
[3346895616.0]
[1411399680.0]
[1969197056.0]
[4130431232.0]
[1162585856.0]
[2076815616.0]
[3695393792.0]
[1303898112.0]
[2231965184.0]
[3827975168.0]
[1388188544.0]
[2410730496.0]
[3552783872.0]
[1465563136.0]
[2592951808.0]
[3413198592.0]
[1587562240.0]
[2618050560.0]
[3396419072.0]
[1672536320.0]
[2740099328.0]
[3233445632.0]
[1755443072.0]
[2861602304.0]
[3363572736.0]
[1724333824.0]
[2801403904.0]
[3425795072.0]
[1823735040.0]
[2751535616.0]
[3181118976.0]
[1833285632.0]
[2934143232.0]
[3192418560.0]
[1834025728.0]
[2766457600.0]
[3286135296.0]
[1811764096.0]
[2999826944.0]
[3274780672.0]
[2003224192.0]
[2904221696.0]
[3238906368.0]
[1903566720.0]
[3152971520.0]
[3213908736.0]
[1889934848.0]
[2951881216.0]
[3126410752.0]
[1994174976.0]
[2960226304.0]
[3495867904.0]
[1885208192.0]
[2931648256.0]
[3717432576.0]
[1786593024.0]
[2791841280.0]
[3640840192.0]
[1795038336.0]
[2926312960.0]
[3618745856.0]
[1784993280.0]
[3036374016.0]
[3833880320.0]
[1698652800.0]
[2957324544.0]
[3507815424.0]
[1800502528.0]
[2938387968.0]
[3633573120.0]
[1855709824.0]
[2853964800.0]
[3572778496.0]
[1812321280.0]
[3187237888.0]
[3795657472.0]
[1878555776.0]
[3130366720.0]
[3655826432.0]
[1969132032.0]
[3023502336.0]
[3647422720.0]
[2004813568.0]
[2988736000.0]
[3863054080.0]
[1968887808.0]
[3166492160.0]
[3637140736.0]
[2082743552.0]
[3225694208.0]
[3865422592.0]
[2140644352.0]
[3300862208.0]
[3412545792.0]
[2275493632.0]
[3374746112.0]
[3415924480.0]
[2316307456.0]
[3622660352.0]
[3321252096.0]
[2241264896.0]
[3455159296.0]
[3674541312.0]
[2197998592.0]
[3440253184.0]
[3737287168.0]
[2021998464.0]
[3351075328.0]
[3764179968.0]
[2271009024.0]
[3257805056.0]
[3883746816.0]
[2116351232.0]
[3405578240.0]
[3790572544.0]
[2313944576.0]
[3567559168.0]
[4102617344.0]
[2253990912.0]
[3322420480.0]
[3413763328.0]
[2498162944.0]
[3841160704.0]
[3486436352.0]
[2566855936.0]
[3841013248.0]
[3667940096.0]
[2561277440.0]
[3897820160.0]
[3560077056.0]
[2662890496.0]
[3631039744.0]
[3357317632.0]
[2322485504.0]
[3977898752.0]
[3560021504.0]
[2562735872.0]
[3759734784.0]
[3743262208.0]
[2529084160.0]
[4152109568.0]
[3605839360.0]
[2480755712.0]
[3962489600.0]
[3623156992.0]
[2466407936.0]
[4240081152.0]
[3694230528.0]
[2466476800.0]
[4123253504.0]
[3410620672.0]
[2792352512.0]
[3907061760.0]
[3597215744.0]
[2548863232.0]
[3882638080.0]
[3602092544.0]
[2637089536.0]
[3758213888.0]
[3470007296.0]
[2473515520.0]
[3789837824.0]
[3556179200.0]
[2191449600.0]
[3640597760.0]
[3984262656.0]
[2325313536.0]
[3704503296.0]
[4316297728.0]
[2228089600.0]
[3533877504.0]
[4036832768.0]
[2454910464.0]
[3590697728.0]
[3988024576.0]
[2328548608.0]
[3626800640.0]
[4176539648.0]
[2245425152.0]
[3282222080.0]
[4101676544.0]
[2307097344.0]
[3612319232.0]
[4418216960.0]
[2338922496.0]
[3630676224.0]
[4470429696.0]
[2434500096.0]
[3924624128.0]
[4345019392.0]
[2539444224.0]
[3733535744.0]
[4349028352.0]
[2120116224.0]
[3552309760.0]
[4445586944.0]
[2405123072.0]
[3608644096.0]
[4054238464.0]
[2393830144.0]
[3610184448.0]
[4148604672.0]
[2383932416.0]
[3789664768.0]
[4228949760.0]
[2454240000.0]
[3985550592.0]
[4155956736.0]
[2671066624.0]
[3742401280.0]
[4254639360.0]
[2541334016.0]
[4021204992.0]
[4217078784.0]
[2484823040.0]
[3837911808.0]
[3952300544.0]
[2508244224.0]
[3922437120.0]
[4307883520.0]
[2724925696.0]
[4212961792.0]
[4423088640.0]
[2695898368.0]
[3947932672.0]
[4523696640.0]
[2509446912.0]
[4298681856.0]
[4218784000.0]
[2471121664.0]
[4521532416.0]
[4140491264.0]
[3038612992.0]
[4700825600.0]
[3892212736.0]
[2875581952.0]
[4756551168.0]
[3919250432.0]
[3237761536.0]
[4611056640.0]
[3995433984.0]
[3182618624.0]
[4505275904.0]
[3897977856.0]
[3051638528.0]
[4590897152.0]
[4268919808.0]
[2944040960.0]
[4812414464.0]
[4060418816.0]
[3231011072.0]
[4647759872.0]
[4016253440.0]
[3040743168.0]
[4842142720.0]
[4400220672.0]
[2932485632.0]
[4301292032.0]
[4407673856.0]
[2526011136.0]
[3604817408.0]
[5022126592.0]
[2298076672.0]
[3995634944.0]
[5068864000.0]
[2313584896.0]
[3770193408.0]
[4764909568.0]
[2218437376.0]
[3840512256.0]
[4946380800.0]
[2474807296.0]
[3919546624.0]
[4899197952.0]
[2659610880.0]
[4090323712.0]
[4833430528.0]
[2401828864.0]
[4574048256.0]
[4939595776.0]
[2756853248.0]
[4524679680.0]
[4928494080.0]
[2692098304.0]
[4184811008.0]
[4687232512.0]
[2827737600.0]
[4377326080.0]
[4988924416.0]
[2689825280.0]
[4157416704.0]
[4997156352.0]
[2838715904.0]
[4239498240.0]
[4787073024.0]
[2543988224.0]
[4197139712.0]
[5035809792.0]
[2905909248.0]
[4472593408.0]
[4969026560.0]
[2641083904.0]
[4478654464.0]
[5188284928.0]
[2790726656.0]
[4266115584.0]
[5175066112.0]
[2927449344.0]
[4639572480.0]
[4969929216.0]
[2567187200.0]
[4375063552.0]
[5094402560.0]
[2770567936.0]
[4520592384.0]
[4953519104.0]
[3229399552.0]
[4650170368.0]
[4878892032.0]
[3143045120.0]
[4859039744.0]
[4781173760.0]
[3200550912.0]
[4936281088.0]
[4697373184.0]
[3266513408.0]
[4632995328.0]
[4823875072.0]
[3031582720.0]
[4915261952.0]
[5212140032.0]
[2999510528.0]
[4312656384.0]
[5379923456.0]
[2984170752.0]
[4748655616.0]
[5341438976.0]
[3035399424.0]
[4666827264.0]
[5201849344.0]
[2960711680.0]
[4682544128.0]
[5532321792.0]
[2976234240.0]
[4788674560.0]
[5238113280.0]
[3014631936.0]
[4732550656.0]
[5067566592.0]
[3112332800.0]
[4891640832.0]
[5672412672.0]
[2984792320.0]
[4581403648.0]
[5040426496.0]
[3150009856.0]
[4698373120.0]
[5558446080.0]
[2990291456.0]
[4360045568.0]
[5100804096.0]
[3123774464.0]
[5018121216.0]
[6018517504.0]
[3134032384.0]
[4874118144.0]
[5664813056.0]
[3179804160.0]
[4706831360.0]
[5605451776.0]
[3146101760.0]
[4931887616.0]
[5325146624.0]
[3013189632.0]
[5259234304.0]
[5253953536.0]
[3133882368.0]
[4866589184.0]
[5478371328.0]
[2951795200.0]
[4888503808.0]
[5903537664.0]
[2884103680.0]
[4664278016.0]
[5818187264.0]
[3026459648.0]
[4606818304.0]
[6412609024.0]
[2979842560.0]
[4258707200.0]
[5924299776.0]
[3132482816.0]
[4808324096.0]
[6153688576.0]
[2887161600.0]
[4741202432.0]
[6051308032.0]
[2888900864.0]
[3598470912.0]
[7786055680.0]
[2390531584.0]
[3881393408.0]
[7002661376.0]
[2587207424.0]
[4245384960.0]
[7783027712.0]
[2419334400.0]
[4132344064.0]
[6758154240.0]
[2580044032.0]
[4262954240.0]
[6451272192.0]
[2694608128.0]
[4459969024.0]
[6657603584.0]
[3022447360.0]
[4808717312.0]
[6346132992.0]
[2944782848.0]
[5102038016.0]
[6504886784.0]
[2886700032.0]
[4703368704.0]
[6477965312.0]
[3106253568.0]
[4626210304.0]
[6297509888.0]
[3072797696.0]
[5026506752.0]
[5926524416.0]
[3181880576.0]
[5259575296.0]
[6212065280.0]
[3088279040.0]
[5026598912.0]
[6299221504.0]
[3245363712.0]
[5151613952.0]
[6565957120.0]
[3404801792.0]
[5186609152.0]
[5980681728.0]
[3414579200.0]
[4800260096.0]
[6433115648.0]
[3302068224.0]
[5327834112.0]
[6299684352.0]
[3326963712.0]
[5314877952.0]
[6104815616.0]
[3284720384.0]
[5321127936.0]
[6222395392.0]
[3552916480.0]
[5406722048.0]
[6786439680.0]
[3535192576.0]
[5420119552.0]
[6143880192.0]
[3358401792.0]
[5584546304.0]
[6293593600.0]
[3563419648.0]
[5574702592.0]
[6618109952.0]
[3484466944.0]
[5807266816.0]
[6196880384.0]
[3225514496.0]
[5471541248.0]
[6315712512.0]
[3479256832.0]
[5450863616.0]
[6213159424.0]
[3651775232.0]
[5315586048.0]
[6198796288.0]
[3727779072.0]
[5558202368.0]
[6223905792.0]
[3708238848.0]
[5686687744.0]
[6200361472.0]
[3505745152.0]
[5592889344.0]
[6281768448.0]
[3792843264.0]
[5654838272.0]
[5889630208.0]
[3599586816.0]
[5543448576.0]
[6662074880.0]
[3360526080.0]
[6118386176.0]
[6524919296.0]
[3585704192.0]
[5901256704.0]
[6648633856.0]
[3529489920.0]
[5540310016.0]
[6651782656.0]
[3799739648.0]
[5932168704.0]
[6268967424.0]
[3940768256.0]
[5907155968.0]
[6966477824.0]
[3409870848.0]
[5918872576.0]
[6652567040.0]
[3962340864.0]
[5452665856.0]
[6652506112.0]
[3586963456.0]
[5864979456.0]
[6400387072.0]
[3767294464.0]
[6047641088.0]
[6527347200.0]
[3889235712.0]
[5755767808.0]
[6576608768.0]
[3872870400.0]
[5738069504.0]
[6358959616.0]
[3579053824.0]
[6140841984.0]
[6919753728.0]
[4008828160.0]
[6733986304.0]
[6507662848.0]
[3819540224.0]
[6213020672.0]
[7080548352.0]
[3707969024.0]
[5902982656.0]
[6824631808.0]
[3861507840.0]
[6053814272.0]
[6497090048.0]
[3905128960.0]
[6239838720.0]
[6618761216.0]
[3689713920.0]
[6013275648.0]
[6990398464.0]
[3743499776.0]
[6150335488.0]
[6942301696.0]
[3889359616.0]
[6054237184.0]
[7002590208.0]
[3946645504.0]
[5988543488.0]
[7197648384.0]
[4040772096.0]
[6155151872.0]
[7368819712.0]
[4168923648.0]
[6013592064.0]
[7378020864.0]
[4183456768.0]
[6213695488.0]
[7397954560.0]
[4300233728.0]
[6139144192.0]
[6823847424.0]
[4032271104.0]
[6943243776.0]
[7196853248.0]
[4428869632.0]
[6740216320.0]
[7028073472.0]
[4136787456.0]
[6555696128.0]
[6546105856.0]
[4295413248.0]
[6818644480.0]
[7336615936.0]
[4214333952.0]
[6826750464.0]
[7012536832.0]
[4094910720.0]
[7135907840.0]
[6908050944.0]
[4384344576.0]
[6231556096.0]
[7067927040.0]
[4084692992.0]
[6835841536.0]
[8892223488.0]
[3206400512.0]
[5763563520.0]
[8912834560.0]
[3651126272.0]
[5574668288.0]
[8188479488.0]
[3947669504.0]
[5925878784.0]
[7759064064.0]
[3568542720.0]
[5950127616.0]
[7778665472.0]
[4863478272.0]
[6919386112.0]
[6906501632.0]
[4787849216.0]
[8252990464.0]
[6417328128.0]
[5086950912.0]
[7576116224.0]
[6547239936.0]
[4894986240.0]
[8015595520.0]
[6430433792.0]
[4514500608.0]
[7154169856.0]
[7208245248.0]
[4000741120.0]
[6400990208.0]
[7484603392.0]
[4223574528.0]
[6380778496.0]
[8025510912.0]
[4062230016.0]
[6249995264.0]
[7612864512.0]
[3916974080.0]
[6454973952.0]
[7840885760.0]
[3858102016.0]
[6649679872.0]
[7641030656.0]
[4306561536.0]
[6585185280.0]
[7805079552.0]
[4151540224.0]
[6784221184.0]
[7891280896.0]
[4121636352.0]
[6577052160.0]
[7552026112.0]
[4552411648.0]
[6921764864.0]
[7197713920.0]
[4676584448.0]
[6856260096.0]
[7494676480.0]
[4542083584.0]
[6691444224.0]
[7697305600.0]
[4090612736.0]
[6889330176.0]
[7310793728.0]
[4224047616.0]
[6667469824.0]
[7266879488.0]
[4177201920.0]
[6902752256.0]
[8141599744.0]
[4309465600.0]
[7343321600.0]
[8118615552.0]
[4218145792.0]
[7161788416.0]
[7781434368.0]
[4089096192.0]
[6634302976.0]
[8195254272.0]
[4415831040.0]
[6537081856.0]
[7787350528.0]
[4392919552.0]
[7370750976.0]
[7320999424.0]
[4562554880.0]
[6968819712.0]
[7793663488.0]
[4652662784.0]
[7143993856.0]
[8333979136.0]
[4665428992.0]
[7298334720.0]
[7458867200.0]
[4147589632.0]
[7435277312.0]
[7572082176.0]
[4928138752.0]
[7688638976.0]
[7576096768.0]
[4867790848.0]
[6956051968.0]
[7566200320.0]
[4708746240.0]
[6827265024.0]
[7287038464.0]
[4441640448.0]
[7515682304.0]
[7923637248.0]
[4734192128.0]
[7410232320.0]
[8321646592.0]
[4500601856.0]
[6940528640.0]
[8041768960.0]
[4481236480.0]
[7540062720.0]
[8075606528.0]
[4705400832.0]
[7540749824.0]
[7830806528.0]
[4857451008.0]
[7040219648.0]
[8382169600.0]
[5077358592.0]
[7818390016.0]
[8352559104.0]
[4744572416.0]
[7711581696.0]
[7988880384.0]
[4929628672.0]
[7426570240.0]
[8050357248.0]
[4759557120.0]
[7516082176.0]
[8504925696.0]
[4829819904.0]
[7483975680.0]
[8638877696.0]
[4877979648.0]
[7625490432.0]
[8664909824.0]
[4877855744.0]
[7183784448.0]
[8653178880.0]
[4659832320.0]
[7633623552.0]
[8434845696.0]
[4902741504.0]
[7724615680.0]
[8618992640.0]
[5048230400.0]
[7587876352.0]
[8756387840.0]
[4571370496.0]
[7381900288.0]
[8550993920.0]
[4805650944.0]
[7559534592.0]
[8323995648.0]
[4797576192.0]
[7685122048.0]
[8285283840.0]
[4698961408.0]
[7721339904.0]
[8888060928.0]
[4729077248.0]
[7324032512.0]
[9245718528.0]
[4960580096.0]
[8587829248.0]
[8805507072.0]
[5035079680.0]
[8121608704.0]
[8889591808.0]
[5111744512.0]
[7148744704.0]
[8961871872.0]
[4949462016.0]
[7774665728.0]
[8752221184.0]
[5098198016.0]
[7187791360.0]
[9369252864.0]
[4984836096.0]
[7781182464.0]
[9214405632.0]
[5085097984.0]
[7668332544.0]
[9146861568.0]
[4983672832.0]
[7645825024.0]
[8590063616.0]
[5024216064.0]
[7670712832.0]
[8526789120.0]
[5014270464.0]
[8274280960.0]
[8925953024.0]
[5075311104.0]
[8522472448.0]
[9261350912.0]
[5014513664.0]
[7376979968.0]
[8608196608.0]
[5321053696.0]
[8196364288.0]
[8517551616.0]
[4966002176.0]
[8343411712.0]
[9057878016.0]
[4896178688.0]
[8751085568.0]
[9281080320.0]
[5490404864.0]
[7848657920.0]
[9213066240.0]
[5465400832.0]
[8227475968.0]
[9041198080.0]
[5228714496.0]
[7869837312.0]
[9066387456.0]
[5286655488.0]
[8139335168.0]
[9361565696.0]
[5382768640.0]
[8210317824.0]
[9099218944.0]
[5475927040.0]
[8476224000.0]
[9709494272.0]
[5086780416.0]
[8637144064.0]
[9355543552.0]
[5232977408.0]
[8238262272.0]
[9694512128.0]
[5076585984.0]
[8554658816.0]
[10018590720.0]
[4815881216.0]
[8251748864.0]
[9824041984.0]
[5288742400.0]
[7894779392.0]
[9564239872.0]
[4903002624.0]
[8130697216.0]
[9521739776.0]
[5476365312.0]
[8349520896.0]
[10026293248.0]
[5105594368.0]
[8350368256.0]
[12339892224.0]
[3928227584.0]
[6856109056.0]
[13020926976.0]
[2689187584.0]
[1152129024.0]
[31820646400.0]
[14615880704.0]
[566177792.0]
[801760000.0]
[380961600.0]
[493564768.0]
[564611968.0]
[625144832.0]
[693059520.0]
[718095616.0]
[683558208.0]
[717071168.0]
[718524288.0]
[742777664.0]
[540194752.0]
[562045632.0]
[572653760.0]
[658985984.0]
[673297024.0]
[653402624.0]
[748069248.0]
[547666176.0]
[378357792.0]
[255279088.0]
[272725600.0]
[353268064.0]
[137111712.0]
[2537504.25]
[825989.5625]
[16591730688.0]
[4706942464.0]
[5757040640.0]
[6729828864.0]
[6460105728.0]
[6349234176.0]
[6400101888.0]
[6965853696.0]
[133942048.0]
[1084764160.0]
[5665821184.0]
[11874680832.0]
[539809792.0]
[14440318976.0]
[130446752.0]
[44187656192.0]
[4636960256.0]
[1943849984.0]
[917906240.0]
[31107299328.0]
[396612352.0]
[2263075328.0]
[21489774592.0]
[1177467776.0]
[2945874432.0]
[20638789632.0]
[1535917440.0]
[3931053312.0]
[21684410368.0]
[1979379584.0]
[4127592960.0]
[19028799488.0]
[2620577280.0]
[5437056512.0]
[17425491968.0]
[2614550784.0]
[5022898176.0]
[18056830976.0]
[2579981824.0]
[5279193088.0]
[18631354368.0]
[2883854592.0]
[5930446848.0]
[17209329664.0]
[3087196928.0]
[5523035136.0]
[18209550336.0]
[2887131136.0]
[6130490880.0]
[18074165248.0]
[2632385024.0]
[5390670848.0]
[18996350976.0]
[2690203136.0]
[5605516288.0]
[18692487168.0]
[2483046656.0]
[5183046656.0]
[19451346944.0]
[2465764352.0]
[5051948544.0]
[19519475712.0]
[2418546944.0]
[4813169152.0]
[20373174272.0]
[2436422144.0]
[4830785024.0]
[19609243648.0]
[2179837440.0]
[4461896192.0]
[22057123840.0]
[3686078464.0]
[7673592320.0]
[15395915776.0]
[4075732224.0]
[6914491904.0]
[16149210112.0]
[3634550784.0]
[6584421376.0]
[17116568576.0]
[3526144256.0]
[6050081280.0]
[18839832576.0]
[3324420864.0]
[5926928384.0]
[19791222784.0]
[2874582016.0]
[5520705024.0]
[17496793088.0]
[3020750336.0]
[5920649728.0]
[19477360640.0]
[2874929920.0]
[6235927040.0]
[18541234176.0]
[3015136256.0]
[6312163840.0]
[18656632832.0]
[2994361600.0]
[5667394560.0]
[18740533248.0]
[2980123648.0]
[5140654080.0]
[20534028288.0]
[2876362496.0]
[5707939328.0]
[20005521408.0]
[2753248000.0]
[5717563392.0]
[20672436224.0]
[2765666048.0]
[5694307328.0]
[20458483712.0]
[2597261568.0]
[5322627072.0]
[20925933568.0]
[2533343488.0]
[5156719104.0]
[22069153792.0]
[2738580992.0]
[5433814016.0]
[19735535616.0]
[3969960704.0]
[7461896192.0]
[18506799104.0]
[3545800704.0]
[7513290752.0]
[17770733568.0]
[3404484608.0]
[6453467136.0]
[18193145856.0]
[3550863616.0]
[7069882880.0]
[18984460288.0]
[3440064000.0]
[6313299968.0]
[20314826752.0]
[3204961280.0]
[6274071040.0]
[21502275584.0]
[3075965952.0]
[6170327552.0]
[20770349056.0]
[3018845440.0]
[5657796608.0]
[19780544512.0]
[2933340160.0]
[5120888320.0]
[21964554240.0]
[2926406144.0]
[5694118912.0]
[21548632064.0]
[2820669952.0]
[5519332864.0]
[20573212672.0]
[3418161920.0]
[7502248448.0]
[19468791808.0]
[3464682752.0]
[6728426496.0]
[21306720256.0]
[3015462400.0]
[6784824320.0]
[18668388352.0]
[3432392448.0]
[6682380288.0]
[19444975616.0]
[3907646976.0]
[7068366848.0]
[19696963584.0]
[3098734848.0]
[5771539456.0]
[18736498688.0]
[3146485248.0]
[6037248000.0]
[20113887232.0]
[3057607936.0]
[5712261632.0]
[21051840512.0]
[3052288000.0]
[7794071552.0]
[17348374528.0]
[3967178752.0]
[6877125632.0]
[18157023232.0]
[3660776448.0]
[6676129280.0]
[19810504704.0]
[3161301504.0]
[5947187200.0]
[18816964608.0]
[2986292736.0]
[5838102528.0]
[20729163776.0]
[2753736448.0]
[5951888384.0]
[21370562560.0]
[3013063168.0]
[5518701056.0]
[20030695424.0]
[2903134208.0]
[5778639872.0]
[23071936512.0]
[2863924224.0]
[5896422912.0]
[23820081152.0]
[2629032704.0]
[5648210432.0]
[20249718784.0]
[2565691648.0]
[5176287744.0]
[23367055360.0]
[2379117568.0]
[5817534976.0]
[22115141632.0]
[2937609728.0]
[6086957056.0]
[23187795968.0]
[2833237760.0]
[5567252480.0]
[22414424064.0]
[2578947328.0]
[5812280320.0]
[21774993408.0]
[2766326784.0]
[5722254848.0]
[22969266176.0]
[2709528576.0]
[5840764416.0]
[22023010304.0]
[2522708992.0]
[5837191168.0]
[23102021632.0]
[2746868992.0]
[5489896960.0]
[22110900224.0]
[2780940800.0]
[5636999168.0]
[23440619520.0]
[2813684736.0]
[5089352704.0]
[23256475648.0]
[2534014208.0]
[5576133632.0]
[22504818688.0]
[2668883456.0]
[5425711616.0]
[23406098432.0]
[2846381056.0]
[5456779264.0]
[23949524992.0]
[2744448256.0]
[5170138624.0]
[24899178496.0]
[2644605184.0]
