# Reward Avg_reward 
4.814092759475463481e+02 4.814092759475463481e+02
1.522459127012645865e+02 3.168275943244054815e+02
1.221704725813161900e+02 2.519418870767090368e+02
1.045809126450112103e+02 2.151016434687845731e+02
9.211505477620455906e+01 1.905043257302685902e+02
8.248986623729601320e+01 1.725019158147731559e+02
7.464748099135837833e+01 1.585227108399996325e+02
6.808035109822461095e+01 1.472174158722777406e+02
6.245768797621794732e+01 1.377996683282711103e+02
5.758805870814977368e+01 1.297785073662589639e+02
5.332007417813688477e+01 1.228277407127933145e+02
4.957605003641464236e+01 1.167234331564284275e+02
4.625718531091121122e+01 1.113029525529270956e+02
4.330952902975564456e+01 1.064462794441291322e+02
4.069363461287505146e+01 1.020627697887121883e+02
3.835377469947481899e+01 9.808095759563485672e+01
3.624908042431627564e+01 9.444378835026316210e+01
3.435676216345115819e+01 9.110562022877360278e+01
3.263164985339209068e+01 8.802804284059563145e+01
3.106840494039136757e+01 8.518006094558542429e+01
2.962971615085324473e+01 8.253480643155054963e+01
2.831715084163242935e+01 8.007036754109972776e+01
2.709401594669467883e+01 7.776704790656037858e+01
2.595762729995431073e+01 7.560832204795180189e+01
2.489485875592160014e+01 7.357978351627059510e+01
