[14.246395111083984]
[14.37590217590332]
[15.933719635009766]
[15.565128326416016]
[16.03954315185547]
[17.09259796142578]
[17.954153060913086]
[19.60011100769043]
[20.23235321044922]
[20.92015266418457]
[22.807300567626953]
[16.113834381103516]
[18.13904571533203]
[18.368974685668945]
[17.197290420532227]
[16.96044921875]
[17.85373878479004]
[18.0435733795166]
[16.275047302246094]
[13.324925422668457]
[12.684027671813965]
[14.16125202178955]
[13.787041664123535]
[11.551993370056152]
[12.6846284866333]
[13.800222396850586]
[14.008922576904297]
[12.92663288116455]
[13.236000061035156]
[15.127754211425781]
[17.473512649536133]
[11.466731071472168]
[8.937878608703613]
[9.555167198181152]
[8.439064979553223]
[11.663495063781738]
[9.85496711730957]
[9.175214767456055]
[10.47602653503418]
[8.808568000793457]
[9.360834121704102]
[8.929605484008789]
[9.202594757080078]
[8.742696762084961]
[10.126384735107422]
[8.407332420349121]
[9.36639404296875]
[9.648950576782227]
[8.38464641571045]
[7.359850883483887]
