[145.5388946533203]
[148.01535034179688]
[139.61599731445312]
[141.72378540039062]
[133.91928100585938]
[141.60182189941406]
[133.26409912109375]
[140.45144653320312]
[132.84231567382812]
[130.553466796875]
[130.70201110839844]
[136.42701721191406]
[133.6398162841797]
[141.574951171875]
[141.2191925048828]
[146.42282104492188]
[139.76242065429688]
[144.2239990234375]
[175.42173767089844]
[153.30270385742188]
[152.21226501464844]
[152.63397216796875]
[153.3490753173828]
[158.66287231445312]
[148.61558532714844]
[157.49127197265625]
[164.19815063476562]
[154.88006591796875]
[157.84828186035156]
[151.72752380371094]
[178.86563110351562]
[158.72116088867188]
[165.08981323242188]
[156.4130859375]
[160.83554077148438]
[161.46067810058594]
[162.32789611816406]
[158.61920166015625]
[147.94320678710938]
[165.02243041992188]
[146.0644989013672]
[168.21823120117188]
[150.0321502685547]
[156.34910583496094]
[149.7322998046875]
[145.94630432128906]
[151.17408752441406]
[150.09027099609375]
[156.92404174804688]
[156.579345703125]
