[-909.9482421875]
[-1673.174560546875]
[-2362.107177734375]
[-6735.802734375]
[-4991.40869140625]
[-1853.8038330078125]
[2818.368896484375]
[4141.03369140625]
[-141.06124877929688]
[6918.818359375]
[24069.50390625]
[2696.272705078125]
[36176.0859375]
[19126.7265625]
[26368.35546875]
[33624.69921875]
[42675.68359375]
[42443.015625]
[54565.53515625]
[78817.859375]
[57763.8125]
[59803.04296875]
[94512.640625]
[70468.8359375]
[69754.5]
[109652.8046875]
[80581.375]
[80597.8125]
[125045.734375]
[92168.34375]
